2 2
1
1 2 1
1 2 2

0 
1

5 5
1
1 2 7
1 3 6
3 4 3
2 4 1
4 5 5

0
7
6
8
13

4 4
1
1 3 5
3 4 10
1 2 2
2 3 1

0
2
3
13

2 1
1
1 2 3

0
3

4 5
1
1 2 4
2 3 3
1 3 1
1 3 2
3 4 1

0
4
1
2

3 2
3
1 3 10
2 1 4

INF
INF
0

2 1
2
2 1 1

1
0

4 8
1
1 2 3
2 1 5
4 3 4
2 3 10
1 3 10
2 4 1
3 1 1
1 2 2

0
2
7
3

2 4
1
1 2 1
1 2 2
1 2 5
1 2 10

0
1

2 3
2
1 2 1
1 2 1
1 2 1

INF
0

3 3
2
2 1 4
2 1 4
2 1 4

4
0
INF

5 8
2
1 2 3
2 1 5
4 3 4
2 3 10
1 3 10
2 4 1
3 1 1
1 2 2

5
0
5
1
INF

4 6
2
3 1 2
1 4 2
4 3 2
3 4 2
2 3 2
2 4 2

4
0
2
2

3 4
2
1 3 5
2 1 9
2 3 3
2 1 10

9
0
3

12 20
1
1 2 1
1 3 1
1 4 2
1 5 2
1 6 2
1 7 2
1 8 2
1 9 3
1 10 4
1 11 5
2 11 5
3 11 4
4 11 3
5 11 2
6 11 1
7 10 1
8 10 2
9 10 3
10 11 4
1 11 10

0
1
1
2
2
2
2
2
3
3
3
INF