5
100 100 100 100 100
10

2

---

2
10 12
10

5

---

3
1 1 1
3

1

---

4
120 80 70 90
120

30

---

100
24321 38852 62168 46595 80689 48742 37379 54121 56063 23254 52043 76668 57600 43448 27552 43528 14174 64896 5917 21108 23950 58542 15128 46576 41137 13162 38268 49564 26841 54994 64667 50352 37028 19557 45369 47520 51268 49421 17344 20531 19297 42999 49527 39955 10821 72154 35723 19733 66228 44121 82630 35087 9311 58212 95583 46100 99026 24685 84155 97912 43954 32537 74191 44243 12709 39137 27824 38600 38360 84819 55259 79282 11087 74802 39848 38292 27541 42146 23195 83108 57167 11684 92066 70048 85238 38697 40818 97187 24969 79746 50172 87589 76236 33312 83328 77735 29603 68860 85786 32760
2000000

20924

---

4
1 2 3 4
9

3

---

3
2 2 2
5

1

---

4
1 1 3 7
11

6

---

4
111 111 143 153
323

80

---

3
100 100 100
30

10

---

8
110 150 74 112 54 144 56 112
480

61

---

6
77 89 61 118 91 142
120

20

---

10
1 1 1 1 11 11 11 11 11 100
100

41

---
