테스트케이스

입력:
7
10 20 30 50 15 45 60
답:
5
10 20 30 50 60 / 10 20 30 45 60

입력:
10
10 20 30 50 15 15 15 15 15 15
답:
4
10 20 30 50

입력:
10
10 20 30 50 45 45 45 45 45 45
답:
4
10 20 30 50 / 10 20 30 45

입력:
14
10 20 30 50 15 15 15 15 15 45 45 60 70 80
답:
7
10 20 30 45 60 70 80 / 10 20 30 50 60 70 80

입력:
27
27054 6286 -27254 -13000 -16597 -9146 -11962 -29097 -20643 -16345 -26010 20213 29376 17593 -9038 -26884 -25267 27620 21302 -2768 26936 7050 28786 -16661 4321 -26417 3928
답:
7
-29097 -20643 -16345 -9038 -2768 7050 28786

입력:
30
9683 -3384 -20948 -17139 31415 -32374 9943 -4236 -2974 8694 24198 23636 -6013 -13517 -7854 -30111 14067 -11497 10242 -4551 -30326 -22941 14078 -17631 5621 -16526 18118 22596 9307 -16744
답:
9
-20948 -17139 -4236 -2974 8694 10242 14078 18118 22596

입력:
16
-60 -41 -100 8 -8 -52 -62 -61 -76 -52 -52 14 -11 -2 -54 46 
답:
7
-100 -62 -61 -52 -11 -2 46 