7
12
1 2 7
1 5 3
1 6 10
5 2 2
2 6 6
2 3 4
2 4 10
5 7 5
5 4 11
3 4 2
6 4 9
7 4 4
1 4

11

7
12
1 2 7
1 5 3
1 6 10
5 2 2
2 6 6
2 3 4
2 4 10
5 7 5
5 4 11
3 4 2
6 4 9
7 4 4
1 2

5

7
12
1 2 7
1 5 3
1 6 10
5 2 2
2 6 6
2 3 4
2 4 10
5 7 5
5 4 11
3 4 2
6 4 9
7 4 4
1 3

9

3
4
1 2 3
1 2 10
1 3 1
2 3 1
1 2

3

3
4
1 2 3
1 2 10
1 3 1
2 3 1
1 3

1

2
2
1 2 10
1 2 20
1 2

10

5
3
3 5 5
5 2 1
5 4 1
5 4

1

6
9
3 4 3
3 5 3
3 6 5
6 3 2
5 4 4
2 5 4
2 3 1
6 2 5
4 6 0
5 3

6

5
5
1 2 1
2 3 2
2 4 1
3 5 1
4 5 3
1 5
answer : 4
----------
4
3
1 3 0
3 2 0
2 4 0
1 4
answer : 0
----------
2
2
1 2 0
1 2 10
1 2
answer : 0
----------
2
3
1 2 5
1 2 10
1 2 3
1 2
answer : 3
----------
1
1
1 1 1
1 1
answer : 0
----------
4 6
1 2 1
1 4 5
1 3 3
2 4 2
2 3 1
3 4 1
1 4
answer : 3
----------
4 5
1 2 10
1 4 5
4 2 1
2 3 1
4 3 10
1 3
answer : 7